|  1|  2|  3|  4|  5|  6|  7|  8|  9|
| 10| 11| 12| 13| 14| 15| 16| 17| 18|
| 19| 20| 21| 22| 23| 24| 25| 26| 27|
| 28| 29| 30| 31| 32| 33| 34| 35| 36|
| 37| 38| 39| 40| 41| 42| 43| 44| 45|
| 46| 47| 48| 49| 50| 51| 52| 53| 54|
| 55| 56| 57| 58| 59| 60| 61| 72| 62|
| 64| 65| 66| 67| 68| 69| 79| 70| 63|
| 73| 74| 75| 76| 77|  0| 78| 71| 80|
heuristic = 12
projection = 12

0 steps, going E:
|  1|  2|  3|  4|  5|  6|  7|  8|  9|
| 10| 11| 12| 13| 14| 15| 16| 17| 18|
| 19| 20| 21| 22| 23| 24| 25| 26| 27|
| 28| 29| 30| 31| 32| 33| 34| 35| 36|
| 37| 38| 39| 40| 41| 42| 43| 44| 45|
| 46| 47| 48| 49| 50| 51| 52| 53| 54|
| 55| 56| 57| 58| 59| 60| 61| 72| 62|
| 64| 65| 66| 67| 68| 69| 79| 70| 63|
| 73| 74| 75| 76| 77| 78|  0| 71| 80|
heuristic = 10
projection = 13

1 steps, going N:
|  1|  2|  3|  4|  5|  6|  7|  8|  9|
| 10| 11| 12| 13| 14| 15| 16| 17| 18|
| 19| 20| 21| 22| 23| 24| 25| 26| 27|
| 28| 29| 30| 31| 32| 33| 34| 35| 36|
| 37| 38| 39| 40| 41| 42| 43| 44| 45|
| 46| 47| 48| 49| 50| 51| 52| 53| 54|
| 55| 56| 57| 58| 59| 60| 61| 72| 62|
| 64| 65| 66| 67| 68| 69|  0| 70| 63|
| 73| 74| 75| 76| 77| 78| 79| 71| 80|
heuristic = 10
projection = 14

2 steps, going E:
|  1|  2|  3|  4|  5|  6|  7|  8|  9|
| 10| 11| 12| 13| 14| 15| 16| 17| 18|
| 19| 20| 21| 22| 23| 24| 25| 26| 27|
| 28| 29| 30| 31| 32| 33| 34| 35| 36|
| 37| 38| 39| 40| 41| 42| 43| 44| 45|
| 46| 47| 48| 49| 50| 51| 52| 53| 54|
| 55| 56| 57| 58| 59| 60| 61| 72| 62|
| 64| 65| 66| 67| 68| 69| 70|  0| 63|
| 73| 74| 75| 76| 77| 78| 79| 71| 80|
heuristic = 8
projection = 15

3 steps, going N:
|  1|  2|  3|  4|  5|  6|  7|  8|  9|
| 10| 11| 12| 13| 14| 15| 16| 17| 18|
| 19| 20| 21| 22| 23| 24| 25| 26| 27|
| 28| 29| 30| 31| 32| 33| 34| 35| 36|
| 37| 38| 39| 40| 41| 42| 43| 44| 45|
| 46| 47| 48| 49| 50| 51| 52| 53| 54|
| 55| 56| 57| 58| 59| 60| 61|  0| 62|
| 64| 65| 66| 67| 68| 69| 70| 72| 63|
| 73| 74| 75| 76| 77| 78| 79| 71| 80|
heuristic = 8
projection = 16

4 steps, going E:
|  1|  2|  3|  4|  5|  6|  7|  8|  9|
| 10| 11| 12| 13| 14| 15| 16| 17| 18|
| 19| 20| 21| 22| 23| 24| 25| 26| 27|
| 28| 29| 30| 31| 32| 33| 34| 35| 36|
| 37| 38| 39| 40| 41| 42| 43| 44| 45|
| 46| 47| 48| 49| 50| 51| 52| 53| 54|
| 55| 56| 57| 58| 59| 60| 61| 62|  0|
| 64| 65| 66| 67| 68| 69| 70| 72| 63|
| 73| 74| 75| 76| 77| 78| 79| 71| 80|
heuristic = 6
projection = 17

5 steps, going S:
|  1|  2|  3|  4|  5|  6|  7|  8|  9|
| 10| 11| 12| 13| 14| 15| 16| 17| 18|
| 19| 20| 21| 22| 23| 24| 25| 26| 27|
| 28| 29| 30| 31| 32| 33| 34| 35| 36|
| 37| 38| 39| 40| 41| 42| 43| 44| 45|
| 46| 47| 48| 49| 50| 51| 52| 53| 54|
| 55| 56| 57| 58| 59| 60| 61| 62| 63|
| 64| 65| 66| 67| 68| 69| 70| 72|  0|
| 73| 74| 75| 76| 77| 78| 79| 71| 80|
heuristic = 4
projection = 18

6 steps, going W:
|  1|  2|  3|  4|  5|  6|  7|  8|  9|
| 10| 11| 12| 13| 14| 15| 16| 17| 18|
| 19| 20| 21| 22| 23| 24| 25| 26| 27|
| 28| 29| 30| 31| 32| 33| 34| 35| 36|
| 37| 38| 39| 40| 41| 42| 43| 44| 45|
| 46| 47| 48| 49| 50| 51| 52| 53| 54|
| 55| 56| 57| 58| 59| 60| 61| 62| 63|
| 64| 65| 66| 67| 68| 69| 70|  0| 72|
| 73| 74| 75| 76| 77| 78| 79| 71| 80|
heuristic = 4
projection = 19

7 steps, going S:
|  1|  2|  3|  4|  5|  6|  7|  8|  9|
| 10| 11| 12| 13| 14| 15| 16| 17| 18|
| 19| 20| 21| 22| 23| 24| 25| 26| 27|
| 28| 29| 30| 31| 32| 33| 34| 35| 36|
| 37| 38| 39| 40| 41| 42| 43| 44| 45|
| 46| 47| 48| 49| 50| 51| 52| 53| 54|
| 55| 56| 57| 58| 59| 60| 61| 62| 63|
| 64| 65| 66| 67| 68| 69| 70| 71| 72|
| 73| 74| 75| 76| 77| 78| 79|  0| 80|
heuristic = 2
projection = 20

8 steps, going E:
|  1|  2|  3|  4|  5|  6|  7|  8|  9|
| 10| 11| 12| 13| 14| 15| 16| 17| 18|
| 19| 20| 21| 22| 23| 24| 25| 26| 27|
| 28| 29| 30| 31| 32| 33| 34| 35| 36|
| 37| 38| 39| 40| 41| 42| 43| 44| 45|
| 46| 47| 48| 49| 50| 51| 52| 53| 54|
| 55| 56| 57| 58| 59| 60| 61| 62| 63|
| 64| 65| 66| 67| 68| 69| 70| 71| 72|
| 73| 74| 75| 76| 77| 78| 79| 80|  0|
heuristic = 0
projection = 21

