|  1|  2|  3|  4|  5|  6|  7|  8|  9|
| 10| 11| 12| 13| 14| 15| 16| 17| 18|
| 19| 20| 21| 22| 23| 24| 25| 26| 27|
| 28| 29| 30| 31| 32| 33| 34| 35| 36|
| 37| 38| 39| 40| 41| 42| 43| 44| 45|
| 46| 47| 48| 49| 50| 51| 52| 53| 54|
| 55| 56| 57| 58| 59| 60| 61| 72| 62|
| 64| 65| 66| 67| 68| 69| 79| 70| 63|
| 73| 74| 75| 76| 77|  0| 78| 71| 80|
heuristic = 12
projection = 12

0 steps, going E:
|  1|  2|  3|  4|  5|  6|  7|  8|  9|
| 10| 11| 12| 13| 14| 15| 16| 17| 18|
| 19| 20| 21| 22| 23| 24| 25| 26| 27|
| 28| 29| 30| 31| 32| 33| 34| 35| 36|
| 37| 38| 39| 40| 41| 42| 43| 44| 45|
| 46| 47| 48| 49| 50| 51| 52| 53| 54|
| 55| 56| 57| 58| 59| 60| 61| 72| 62|
| 64| 65| 66| 67| 68| 69| 79| 70| 63|
| 73| 74| 75| 76| 77| 78|  0| 71| 80|
heuristic = 10
projection = 13

1 steps, going N:
|  1|  2|  3|  4|  5|  6|  7|  8|  9|
| 10| 11| 12| 13| 14| 15| 16| 17| 18|
| 19| 20| 21| 22| 23| 24| 25| 26| 27|
| 28| 29| 30| 31| 32| 33| 34| 35| 36|
| 37| 38| 39| 40| 41| 42| 43| 44| 45|
| 46| 47| 48| 49| 50| 51| 52| 53| 54|
| 55| 56| 57| 58| 59| 60| 61| 72| 62|
| 64| 65| 66| 67| 68| 69|  0| 70| 63|
| 73| 74| 75| 76| 77| 78| 79| 71| 80|
heuristic = 10
projection = 14

2 steps, going E:
|  1|  2|  3|  4|  5|  6|  7|  8|  9|
| 10| 11| 12| 13| 14| 15| 16| 17| 18|
| 19| 20| 21| 22| 23| 24| 25| 26| 27|
| 28| 29| 30| 31| 32| 33| 34| 35| 36|
| 37| 38| 39| 40| 41| 42| 43| 44| 45|
| 46| 47| 48| 49| 50| 51| 52| 53| 54|
| 55| 56| 57| 58| 59| 60| 61| 72| 62|
| 64| 65| 66| 67| 68| 69| 70|  0| 63|
| 73| 74| 75| 76| 77| 78| 79| 71| 80|
heuristic = 8
projection = 15

3 steps, going S:
|  1|  2|  3|  4|  5|  6|  7|  8|  9|
| 10| 11| 12| 13| 14| 15| 16| 17| 18|
| 19| 20| 21| 22| 23| 24| 25| 26| 27|
| 28| 29| 30| 31| 32| 33| 34| 35| 36|
| 37| 38| 39| 40| 41| 42| 43| 44| 45|
| 46| 47| 48| 49| 50| 51| 52| 53| 54|
| 55| 56| 57| 58| 59| 60| 61| 72| 62|
| 64| 65| 66| 67| 68| 69| 70| 71| 63|
| 73| 74| 75| 76| 77| 78| 79|  0| 80|
heuristic = 6
projection = 16

4 steps, going E:
|  1|  2|  3|  4|  5|  6|  7|  8|  9|
| 10| 11| 12| 13| 14| 15| 16| 17| 18|
| 19| 20| 21| 22| 23| 24| 25| 26| 27|
| 28| 29| 30| 31| 32| 33| 34| 35| 36|
| 37| 38| 39| 40| 41| 42| 43| 44| 45|
| 46| 47| 48| 49| 50| 51| 52| 53| 54|
| 55| 56| 57| 58| 59| 60| 61| 72| 62|
| 64| 65| 66| 67| 68| 69| 70| 71| 63|
| 73| 74| 75| 76| 77| 78| 79| 80|  0|
heuristic = 4
projection = 17

5 steps, going N:
|  1|  2|  3|  4|  5|  6|  7|  8|  9|
| 10| 11| 12| 13| 14| 15| 16| 17| 18|
| 19| 20| 21| 22| 23| 24| 25| 26| 27|
| 28| 29| 30| 31| 32| 33| 34| 35| 36|
| 37| 38| 39| 40| 41| 42| 43| 44| 45|
| 46| 47| 48| 49| 50| 51| 52| 53| 54|
| 55| 56| 57| 58| 59| 60| 61| 72| 62|
| 64| 65| 66| 67| 68| 69| 70| 71|  0|
| 73| 74| 75| 76| 77| 78| 79| 80| 63|
heuristic = 6
projection = 18

6 steps, going W:
|  1|  2|  3|  4|  5|  6|  7|  8|  9|
| 10| 11| 12| 13| 14| 15| 16| 17| 18|
| 19| 20| 21| 22| 23| 24| 25| 26| 27|
| 28| 29| 30| 31| 32| 33| 34| 35| 36|
| 37| 38| 39| 40| 41| 42| 43| 44| 45|
| 46| 47| 48| 49| 50| 51| 52| 53| 54|
| 55| 56| 57| 58| 59| 60| 61| 72| 62|
| 64| 65| 66| 67| 68| 69| 70|  0| 71|
| 73| 74| 75| 76| 77| 78| 79| 80| 63|
heuristic = 8
projection = 19

7 steps, going N:
|  1|  2|  3|  4|  5|  6|  7|  8|  9|
| 10| 11| 12| 13| 14| 15| 16| 17| 18|
| 19| 20| 21| 22| 23| 24| 25| 26| 27|
| 28| 29| 30| 31| 32| 33| 34| 35| 36|
| 37| 38| 39| 40| 41| 42| 43| 44| 45|
| 46| 47| 48| 49| 50| 51| 52| 53| 54|
| 55| 56| 57| 58| 59| 60| 61|  0| 62|
| 64| 65| 66| 67| 68| 69| 70| 72| 71|
| 73| 74| 75| 76| 77| 78| 79| 80| 63|
heuristic = 8
projection = 20

8 steps, going E:
|  1|  2|  3|  4|  5|  6|  7|  8|  9|
| 10| 11| 12| 13| 14| 15| 16| 17| 18|
| 19| 20| 21| 22| 23| 24| 25| 26| 27|
| 28| 29| 30| 31| 32| 33| 34| 35| 36|
| 37| 38| 39| 40| 41| 42| 43| 44| 45|
| 46| 47| 48| 49| 50| 51| 52| 53| 54|
| 55| 56| 57| 58| 59| 60| 61| 62|  0|
| 64| 65| 66| 67| 68| 69| 70| 72| 71|
| 73| 74| 75| 76| 77| 78| 79| 80| 63|
heuristic = 6
projection = 21

9 steps, going S:
|  1|  2|  3|  4|  5|  6|  7|  8|  9|
| 10| 11| 12| 13| 14| 15| 16| 17| 18|
| 19| 20| 21| 22| 23| 24| 25| 26| 27|
| 28| 29| 30| 31| 32| 33| 34| 35| 36|
| 37| 38| 39| 40| 41| 42| 43| 44| 45|
| 46| 47| 48| 49| 50| 51| 52| 53| 54|
| 55| 56| 57| 58| 59| 60| 61| 62| 71|
| 64| 65| 66| 67| 68| 69| 70| 72|  0|
| 73| 74| 75| 76| 77| 78| 79| 80| 63|
heuristic = 6
projection = 22

10 steps, going W:
|  1|  2|  3|  4|  5|  6|  7|  8|  9|
| 10| 11| 12| 13| 14| 15| 16| 17| 18|
| 19| 20| 21| 22| 23| 24| 25| 26| 27|
| 28| 29| 30| 31| 32| 33| 34| 35| 36|
| 37| 38| 39| 40| 41| 42| 43| 44| 45|
| 46| 47| 48| 49| 50| 51| 52| 53| 54|
| 55| 56| 57| 58| 59| 60| 61| 62| 71|
| 64| 65| 66| 67| 68| 69| 70|  0| 72|
| 73| 74| 75| 76| 77| 78| 79| 80| 63|
heuristic = 6
projection = 23

11 steps, going N:
|  1|  2|  3|  4|  5|  6|  7|  8|  9|
| 10| 11| 12| 13| 14| 15| 16| 17| 18|
| 19| 20| 21| 22| 23| 24| 25| 26| 27|
| 28| 29| 30| 31| 32| 33| 34| 35| 36|
| 37| 38| 39| 40| 41| 42| 43| 44| 45|
| 46| 47| 48| 49| 50| 51| 52| 53| 54|
| 55| 56| 57| 58| 59| 60| 61|  0| 71|
| 64| 65| 66| 67| 68| 69| 70| 62| 72|
| 73| 74| 75| 76| 77| 78| 79| 80| 63|
heuristic = 8
projection = 24

12 steps, going E:
|  1|  2|  3|  4|  5|  6|  7|  8|  9|
| 10| 11| 12| 13| 14| 15| 16| 17| 18|
| 19| 20| 21| 22| 23| 24| 25| 26| 27|
| 28| 29| 30| 31| 32| 33| 34| 35| 36|
| 37| 38| 39| 40| 41| 42| 43| 44| 45|
| 46| 47| 48| 49| 50| 51| 52| 53| 54|
| 55| 56| 57| 58| 59| 60| 61| 71|  0|
| 64| 65| 66| 67| 68| 69| 70| 62| 72|
| 73| 74| 75| 76| 77| 78| 79| 80| 63|
heuristic = 6
projection = 25

13 steps, going S:
|  1|  2|  3|  4|  5|  6|  7|  8|  9|
| 10| 11| 12| 13| 14| 15| 16| 17| 18|
| 19| 20| 21| 22| 23| 24| 25| 26| 27|
| 28| 29| 30| 31| 32| 33| 34| 35| 36|
| 37| 38| 39| 40| 41| 42| 43| 44| 45|
| 46| 47| 48| 49| 50| 51| 52| 53| 54|
| 55| 56| 57| 58| 59| 60| 61| 71| 72|
| 64| 65| 66| 67| 68| 69| 70| 62|  0|
| 73| 74| 75| 76| 77| 78| 79| 80| 63|
heuristic = 6
projection = 26

14 steps, going S:
|  1|  2|  3|  4|  5|  6|  7|  8|  9|
| 10| 11| 12| 13| 14| 15| 16| 17| 18|
| 19| 20| 21| 22| 23| 24| 25| 26| 27|
| 28| 29| 30| 31| 32| 33| 34| 35| 36|
| 37| 38| 39| 40| 41| 42| 43| 44| 45|
| 46| 47| 48| 49| 50| 51| 52| 53| 54|
| 55| 56| 57| 58| 59| 60| 61| 71| 72|
| 64| 65| 66| 67| 68| 69| 70| 62| 63|
| 73| 74| 75| 76| 77| 78| 79| 80|  0|
heuristic = 4
projection = 27

15 steps, going W:
|  1|  2|  3|  4|  5|  6|  7|  8|  9|
| 10| 11| 12| 13| 14| 15| 16| 17| 18|
| 19| 20| 21| 22| 23| 24| 25| 26| 27|
| 28| 29| 30| 31| 32| 33| 34| 35| 36|
| 37| 38| 39| 40| 41| 42| 43| 44| 45|
| 46| 47| 48| 49| 50| 51| 52| 53| 54|
| 55| 56| 57| 58| 59| 60| 61| 71| 72|
| 64| 65| 66| 67| 68| 69| 70| 62| 63|
| 73| 74| 75| 76| 77| 78| 79|  0| 80|
heuristic = 6
projection = 28

16 steps, going N:
|  1|  2|  3|  4|  5|  6|  7|  8|  9|
| 10| 11| 12| 13| 14| 15| 16| 17| 18|
| 19| 20| 21| 22| 23| 24| 25| 26| 27|
| 28| 29| 30| 31| 32| 33| 34| 35| 36|
| 37| 38| 39| 40| 41| 42| 43| 44| 45|
| 46| 47| 48| 49| 50| 51| 52| 53| 54|
| 55| 56| 57| 58| 59| 60| 61| 71| 72|
| 64| 65| 66| 67| 68| 69| 70|  0| 63|
| 73| 74| 75| 76| 77| 78| 79| 62| 80|
heuristic = 8
projection = 29

17 steps, going N:
|  1|  2|  3|  4|  5|  6|  7|  8|  9|
| 10| 11| 12| 13| 14| 15| 16| 17| 18|
| 19| 20| 21| 22| 23| 24| 25| 26| 27|
| 28| 29| 30| 31| 32| 33| 34| 35| 36|
| 37| 38| 39| 40| 41| 42| 43| 44| 45|
| 46| 47| 48| 49| 50| 51| 52| 53| 54|
| 55| 56| 57| 58| 59| 60| 61|  0| 72|
| 64| 65| 66| 67| 68| 69| 70| 71| 63|
| 73| 74| 75| 76| 77| 78| 79| 62| 80|
heuristic = 8
projection = 30

18 steps, going E:
|  1|  2|  3|  4|  5|  6|  7|  8|  9|
| 10| 11| 12| 13| 14| 15| 16| 17| 18|
| 19| 20| 21| 22| 23| 24| 25| 26| 27|
| 28| 29| 30| 31| 32| 33| 34| 35| 36|
| 37| 38| 39| 40| 41| 42| 43| 44| 45|
| 46| 47| 48| 49| 50| 51| 52| 53| 54|
| 55| 56| 57| 58| 59| 60| 61| 72|  0|
| 64| 65| 66| 67| 68| 69| 70| 71| 63|
| 73| 74| 75| 76| 77| 78| 79| 62| 80|
heuristic = 8
projection = 31

19 steps, going S:
|  1|  2|  3|  4|  5|  6|  7|  8|  9|
| 10| 11| 12| 13| 14| 15| 16| 17| 18|
| 19| 20| 21| 22| 23| 24| 25| 26| 27|
| 28| 29| 30| 31| 32| 33| 34| 35| 36|
| 37| 38| 39| 40| 41| 42| 43| 44| 45|
| 46| 47| 48| 49| 50| 51| 52| 53| 54|
| 55| 56| 57| 58| 59| 60| 61| 72| 63|
| 64| 65| 66| 67| 68| 69| 70| 71|  0|
| 73| 74| 75| 76| 77| 78| 79| 62| 80|
heuristic = 6
projection = 32

20 steps, going W:
|  1|  2|  3|  4|  5|  6|  7|  8|  9|
| 10| 11| 12| 13| 14| 15| 16| 17| 18|
| 19| 20| 21| 22| 23| 24| 25| 26| 27|
| 28| 29| 30| 31| 32| 33| 34| 35| 36|
| 37| 38| 39| 40| 41| 42| 43| 44| 45|
| 46| 47| 48| 49| 50| 51| 52| 53| 54|
| 55| 56| 57| 58| 59| 60| 61| 72| 63|
| 64| 65| 66| 67| 68| 69| 70|  0| 71|
| 73| 74| 75| 76| 77| 78| 79| 62| 80|
heuristic = 8
projection = 33

21 steps, going S:
|  1|  2|  3|  4|  5|  6|  7|  8|  9|
| 10| 11| 12| 13| 14| 15| 16| 17| 18|
| 19| 20| 21| 22| 23| 24| 25| 26| 27|
| 28| 29| 30| 31| 32| 33| 34| 35| 36|
| 37| 38| 39| 40| 41| 42| 43| 44| 45|
| 46| 47| 48| 49| 50| 51| 52| 53| 54|
| 55| 56| 57| 58| 59| 60| 61| 72| 63|
| 64| 65| 66| 67| 68| 69| 70| 62| 71|
| 73| 74| 75| 76| 77| 78| 79|  0| 80|
heuristic = 6
projection = 34

22 steps, going E:
|  1|  2|  3|  4|  5|  6|  7|  8|  9|
| 10| 11| 12| 13| 14| 15| 16| 17| 18|
| 19| 20| 21| 22| 23| 24| 25| 26| 27|
| 28| 29| 30| 31| 32| 33| 34| 35| 36|
| 37| 38| 39| 40| 41| 42| 43| 44| 45|
| 46| 47| 48| 49| 50| 51| 52| 53| 54|
| 55| 56| 57| 58| 59| 60| 61| 72| 63|
| 64| 65| 66| 67| 68| 69| 70| 62| 71|
| 73| 74| 75| 76| 77| 78| 79| 80|  0|
heuristic = 4
projection = 35

23 steps, going N:
|  1|  2|  3|  4|  5|  6|  7|  8|  9|
| 10| 11| 12| 13| 14| 15| 16| 17| 18|
| 19| 20| 21| 22| 23| 24| 25| 26| 27|
| 28| 29| 30| 31| 32| 33| 34| 35| 36|
| 37| 38| 39| 40| 41| 42| 43| 44| 45|
| 46| 47| 48| 49| 50| 51| 52| 53| 54|
| 55| 56| 57| 58| 59| 60| 61| 72| 63|
| 64| 65| 66| 67| 68| 69| 70| 62|  0|
| 73| 74| 75| 76| 77| 78| 79| 80| 71|
heuristic = 6
projection = 36

24 steps, going W:
|  1|  2|  3|  4|  5|  6|  7|  8|  9|
| 10| 11| 12| 13| 14| 15| 16| 17| 18|
| 19| 20| 21| 22| 23| 24| 25| 26| 27|
| 28| 29| 30| 31| 32| 33| 34| 35| 36|
| 37| 38| 39| 40| 41| 42| 43| 44| 45|
| 46| 47| 48| 49| 50| 51| 52| 53| 54|
| 55| 56| 57| 58| 59| 60| 61| 72| 63|
| 64| 65| 66| 67| 68| 69| 70|  0| 62|
| 73| 74| 75| 76| 77| 78| 79| 80| 71|
heuristic = 8
projection = 37

25 steps, going N:
|  1|  2|  3|  4|  5|  6|  7|  8|  9|
| 10| 11| 12| 13| 14| 15| 16| 17| 18|
| 19| 20| 21| 22| 23| 24| 25| 26| 27|
| 28| 29| 30| 31| 32| 33| 34| 35| 36|
| 37| 38| 39| 40| 41| 42| 43| 44| 45|
| 46| 47| 48| 49| 50| 51| 52| 53| 54|
| 55| 56| 57| 58| 59| 60| 61|  0| 63|
| 64| 65| 66| 67| 68| 69| 70| 72| 62|
| 73| 74| 75| 76| 77| 78| 79| 80| 71|
heuristic = 8
projection = 38

26 steps, going E:
|  1|  2|  3|  4|  5|  6|  7|  8|  9|
| 10| 11| 12| 13| 14| 15| 16| 17| 18|
| 19| 20| 21| 22| 23| 24| 25| 26| 27|
| 28| 29| 30| 31| 32| 33| 34| 35| 36|
| 37| 38| 39| 40| 41| 42| 43| 44| 45|
| 46| 47| 48| 49| 50| 51| 52| 53| 54|
| 55| 56| 57| 58| 59| 60| 61| 63|  0|
| 64| 65| 66| 67| 68| 69| 70| 72| 62|
| 73| 74| 75| 76| 77| 78| 79| 80| 71|
heuristic = 8
projection = 39

27 steps, going S:
|  1|  2|  3|  4|  5|  6|  7|  8|  9|
| 10| 11| 12| 13| 14| 15| 16| 17| 18|
| 19| 20| 21| 22| 23| 24| 25| 26| 27|
| 28| 29| 30| 31| 32| 33| 34| 35| 36|
| 37| 38| 39| 40| 41| 42| 43| 44| 45|
| 46| 47| 48| 49| 50| 51| 52| 53| 54|
| 55| 56| 57| 58| 59| 60| 61| 63| 62|
| 64| 65| 66| 67| 68| 69| 70| 72|  0|
| 73| 74| 75| 76| 77| 78| 79| 80| 71|
heuristic = 6
projection = 40

28 steps, going W:
|  1|  2|  3|  4|  5|  6|  7|  8|  9|
| 10| 11| 12| 13| 14| 15| 16| 17| 18|
| 19| 20| 21| 22| 23| 24| 25| 26| 27|
| 28| 29| 30| 31| 32| 33| 34| 35| 36|
| 37| 38| 39| 40| 41| 42| 43| 44| 45|
| 46| 47| 48| 49| 50| 51| 52| 53| 54|
| 55| 56| 57| 58| 59| 60| 61| 63| 62|
| 64| 65| 66| 67| 68| 69| 70|  0| 72|
| 73| 74| 75| 76| 77| 78| 79| 80| 71|
heuristic = 6
projection = 41

29 steps, going S:
|  1|  2|  3|  4|  5|  6|  7|  8|  9|
| 10| 11| 12| 13| 14| 15| 16| 17| 18|
| 19| 20| 21| 22| 23| 24| 25| 26| 27|
| 28| 29| 30| 31| 32| 33| 34| 35| 36|
| 37| 38| 39| 40| 41| 42| 43| 44| 45|
| 46| 47| 48| 49| 50| 51| 52| 53| 54|
| 55| 56| 57| 58| 59| 60| 61| 63| 62|
| 64| 65| 66| 67| 68| 69| 70| 80| 72|
| 73| 74| 75| 76| 77| 78| 79|  0| 71|
heuristic = 6
projection = 42

30 steps, going E:
|  1|  2|  3|  4|  5|  6|  7|  8|  9|
| 10| 11| 12| 13| 14| 15| 16| 17| 18|
| 19| 20| 21| 22| 23| 24| 25| 26| 27|
| 28| 29| 30| 31| 32| 33| 34| 35| 36|
| 37| 38| 39| 40| 41| 42| 43| 44| 45|
| 46| 47| 48| 49| 50| 51| 52| 53| 54|
| 55| 56| 57| 58| 59| 60| 61| 63| 62|
| 64| 65| 66| 67| 68| 69| 70| 80| 72|
| 73| 74| 75| 76| 77| 78| 79| 71|  0|
heuristic = 4
projection = 43

31 steps, going N:
|  1|  2|  3|  4|  5|  6|  7|  8|  9|
| 10| 11| 12| 13| 14| 15| 16| 17| 18|
| 19| 20| 21| 22| 23| 24| 25| 26| 27|
| 28| 29| 30| 31| 32| 33| 34| 35| 36|
| 37| 38| 39| 40| 41| 42| 43| 44| 45|
| 46| 47| 48| 49| 50| 51| 52| 53| 54|
| 55| 56| 57| 58| 59| 60| 61| 63| 62|
| 64| 65| 66| 67| 68| 69| 70| 80|  0|
| 73| 74| 75| 76| 77| 78| 79| 71| 72|
heuristic = 6
projection = 44

32 steps, going W:
|  1|  2|  3|  4|  5|  6|  7|  8|  9|
| 10| 11| 12| 13| 14| 15| 16| 17| 18|
| 19| 20| 21| 22| 23| 24| 25| 26| 27|
| 28| 29| 30| 31| 32| 33| 34| 35| 36|
| 37| 38| 39| 40| 41| 42| 43| 44| 45|
| 46| 47| 48| 49| 50| 51| 52| 53| 54|
| 55| 56| 57| 58| 59| 60| 61| 63| 62|
| 64| 65| 66| 67| 68| 69| 70|  0| 80|
| 73| 74| 75| 76| 77| 78| 79| 71| 72|
heuristic = 8
projection = 45

33 steps, going S:
|  1|  2|  3|  4|  5|  6|  7|  8|  9|
| 10| 11| 12| 13| 14| 15| 16| 17| 18|
| 19| 20| 21| 22| 23| 24| 25| 26| 27|
| 28| 29| 30| 31| 32| 33| 34| 35| 36|
| 37| 38| 39| 40| 41| 42| 43| 44| 45|
| 46| 47| 48| 49| 50| 51| 52| 53| 54|
| 55| 56| 57| 58| 59| 60| 61| 63| 62|
| 64| 65| 66| 67| 68| 69| 70| 71| 80|
| 73| 74| 75| 76| 77| 78| 79|  0| 72|
heuristic = 6
projection = 46

34 steps, going E:
|  1|  2|  3|  4|  5|  6|  7|  8|  9|
| 10| 11| 12| 13| 14| 15| 16| 17| 18|
| 19| 20| 21| 22| 23| 24| 25| 26| 27|
| 28| 29| 30| 31| 32| 33| 34| 35| 36|
| 37| 38| 39| 40| 41| 42| 43| 44| 45|
| 46| 47| 48| 49| 50| 51| 52| 53| 54|
| 55| 56| 57| 58| 59| 60| 61| 63| 62|
| 64| 65| 66| 67| 68| 69| 70| 71| 80|
| 73| 74| 75| 76| 77| 78| 79| 72|  0|
heuristic = 6
projection = 47

35 steps, going N:
|  1|  2|  3|  4|  5|  6|  7|  8|  9|
| 10| 11| 12| 13| 14| 15| 16| 17| 18|
| 19| 20| 21| 22| 23| 24| 25| 26| 27|
| 28| 29| 30| 31| 32| 33| 34| 35| 36|
| 37| 38| 39| 40| 41| 42| 43| 44| 45|
| 46| 47| 48| 49| 50| 51| 52| 53| 54|
| 55| 56| 57| 58| 59| 60| 61| 63| 62|
| 64| 65| 66| 67| 68| 69| 70| 71|  0|
| 73| 74| 75| 76| 77| 78| 79| 72| 80|
heuristic = 6
projection = 48

36 steps, going N:
|  1|  2|  3|  4|  5|  6|  7|  8|  9|
| 10| 11| 12| 13| 14| 15| 16| 17| 18|
| 19| 20| 21| 22| 23| 24| 25| 26| 27|
| 28| 29| 30| 31| 32| 33| 34| 35| 36|
| 37| 38| 39| 40| 41| 42| 43| 44| 45|
| 46| 47| 48| 49| 50| 51| 52| 53| 54|
| 55| 56| 57| 58| 59| 60| 61| 63|  0|
| 64| 65| 66| 67| 68| 69| 70| 71| 62|
| 73| 74| 75| 76| 77| 78| 79| 72| 80|
heuristic = 8
projection = 49

37 steps, going W:
|  1|  2|  3|  4|  5|  6|  7|  8|  9|
| 10| 11| 12| 13| 14| 15| 16| 17| 18|
| 19| 20| 21| 22| 23| 24| 25| 26| 27|
| 28| 29| 30| 31| 32| 33| 34| 35| 36|
| 37| 38| 39| 40| 41| 42| 43| 44| 45|
| 46| 47| 48| 49| 50| 51| 52| 53| 54|
| 55| 56| 57| 58| 59| 60| 61|  0| 63|
| 64| 65| 66| 67| 68| 69| 70| 71| 62|
| 73| 74| 75| 76| 77| 78| 79| 72| 80|
heuristic = 8
projection = 50

38 steps, going S:
|  1|  2|  3|  4|  5|  6|  7|  8|  9|
| 10| 11| 12| 13| 14| 15| 16| 17| 18|
| 19| 20| 21| 22| 23| 24| 25| 26| 27|
| 28| 29| 30| 31| 32| 33| 34| 35| 36|
| 37| 38| 39| 40| 41| 42| 43| 44| 45|
| 46| 47| 48| 49| 50| 51| 52| 53| 54|
| 55| 56| 57| 58| 59| 60| 61| 71| 63|
| 64| 65| 66| 67| 68| 69| 70|  0| 62|
| 73| 74| 75| 76| 77| 78| 79| 72| 80|
heuristic = 8
projection = 51

39 steps, going S:
|  1|  2|  3|  4|  5|  6|  7|  8|  9|
| 10| 11| 12| 13| 14| 15| 16| 17| 18|
| 19| 20| 21| 22| 23| 24| 25| 26| 27|
| 28| 29| 30| 31| 32| 33| 34| 35| 36|
| 37| 38| 39| 40| 41| 42| 43| 44| 45|
| 46| 47| 48| 49| 50| 51| 52| 53| 54|
| 55| 56| 57| 58| 59| 60| 61| 71| 63|
| 64| 65| 66| 67| 68| 69| 70| 72| 62|
| 73| 74| 75| 76| 77| 78| 79|  0| 80|
heuristic = 6
projection = 52

40 steps, going E:
|  1|  2|  3|  4|  5|  6|  7|  8|  9|
| 10| 11| 12| 13| 14| 15| 16| 17| 18|
| 19| 20| 21| 22| 23| 24| 25| 26| 27|
| 28| 29| 30| 31| 32| 33| 34| 35| 36|
| 37| 38| 39| 40| 41| 42| 43| 44| 45|
| 46| 47| 48| 49| 50| 51| 52| 53| 54|
| 55| 56| 57| 58| 59| 60| 61| 71| 63|
| 64| 65| 66| 67| 68| 69| 70| 72| 62|
| 73| 74| 75| 76| 77| 78| 79| 80|  0|
heuristic = 4
projection = 53

41 steps, going N:
|  1|  2|  3|  4|  5|  6|  7|  8|  9|
| 10| 11| 12| 13| 14| 15| 16| 17| 18|
| 19| 20| 21| 22| 23| 24| 25| 26| 27|
| 28| 29| 30| 31| 32| 33| 34| 35| 36|
| 37| 38| 39| 40| 41| 42| 43| 44| 45|
| 46| 47| 48| 49| 50| 51| 52| 53| 54|
| 55| 56| 57| 58| 59| 60| 61| 71| 63|
| 64| 65| 66| 67| 68| 69| 70| 72|  0|
| 73| 74| 75| 76| 77| 78| 79| 80| 62|
heuristic = 6
projection = 54

42 steps, going W:
|  1|  2|  3|  4|  5|  6|  7|  8|  9|
| 10| 11| 12| 13| 14| 15| 16| 17| 18|
| 19| 20| 21| 22| 23| 24| 25| 26| 27|
| 28| 29| 30| 31| 32| 33| 34| 35| 36|
| 37| 38| 39| 40| 41| 42| 43| 44| 45|
| 46| 47| 48| 49| 50| 51| 52| 53| 54|
| 55| 56| 57| 58| 59| 60| 61| 71| 63|
| 64| 65| 66| 67| 68| 69| 70|  0| 72|
| 73| 74| 75| 76| 77| 78| 79| 80| 62|
heuristic = 6
projection = 55

43 steps, going N:
|  1|  2|  3|  4|  5|  6|  7|  8|  9|
| 10| 11| 12| 13| 14| 15| 16| 17| 18|
| 19| 20| 21| 22| 23| 24| 25| 26| 27|
| 28| 29| 30| 31| 32| 33| 34| 35| 36|
| 37| 38| 39| 40| 41| 42| 43| 44| 45|
| 46| 47| 48| 49| 50| 51| 52| 53| 54|
| 55| 56| 57| 58| 59| 60| 61|  0| 63|
| 64| 65| 66| 67| 68| 69| 70| 71| 72|
| 73| 74| 75| 76| 77| 78| 79| 80| 62|
heuristic = 6
projection = 56

44 steps, going E:
|  1|  2|  3|  4|  5|  6|  7|  8|  9|
| 10| 11| 12| 13| 14| 15| 16| 17| 18|
| 19| 20| 21| 22| 23| 24| 25| 26| 27|
| 28| 29| 30| 31| 32| 33| 34| 35| 36|
| 37| 38| 39| 40| 41| 42| 43| 44| 45|
| 46| 47| 48| 49| 50| 51| 52| 53| 54|
| 55| 56| 57| 58| 59| 60| 61| 63|  0|
| 64| 65| 66| 67| 68| 69| 70| 71| 72|
| 73| 74| 75| 76| 77| 78| 79| 80| 62|
heuristic = 6
projection = 57

45 steps, going S:
|  1|  2|  3|  4|  5|  6|  7|  8|  9|
| 10| 11| 12| 13| 14| 15| 16| 17| 18|
| 19| 20| 21| 22| 23| 24| 25| 26| 27|
| 28| 29| 30| 31| 32| 33| 34| 35| 36|
| 37| 38| 39| 40| 41| 42| 43| 44| 45|
| 46| 47| 48| 49| 50| 51| 52| 53| 54|
| 55| 56| 57| 58| 59| 60| 61| 63| 72|
| 64| 65| 66| 67| 68| 69| 70| 71|  0|
| 73| 74| 75| 76| 77| 78| 79| 80| 62|
heuristic = 6
projection = 58

46 steps, going S:
|  1|  2|  3|  4|  5|  6|  7|  8|  9|
| 10| 11| 12| 13| 14| 15| 16| 17| 18|
| 19| 20| 21| 22| 23| 24| 25| 26| 27|
| 28| 29| 30| 31| 32| 33| 34| 35| 36|
| 37| 38| 39| 40| 41| 42| 43| 44| 45|
| 46| 47| 48| 49| 50| 51| 52| 53| 54|
| 55| 56| 57| 58| 59| 60| 61| 63| 72|
| 64| 65| 66| 67| 68| 69| 70| 71| 62|
| 73| 74| 75| 76| 77| 78| 79| 80|  0|
heuristic = 4
projection = 59

47 steps, going W:
|  1|  2|  3|  4|  5|  6|  7|  8|  9|
| 10| 11| 12| 13| 14| 15| 16| 17| 18|
| 19| 20| 21| 22| 23| 24| 25| 26| 27|
| 28| 29| 30| 31| 32| 33| 34| 35| 36|
| 37| 38| 39| 40| 41| 42| 43| 44| 45|
| 46| 47| 48| 49| 50| 51| 52| 53| 54|
| 55| 56| 57| 58| 59| 60| 61| 63| 72|
| 64| 65| 66| 67| 68| 69| 70| 71| 62|
| 73| 74| 75| 76| 77| 78| 79|  0| 80|
heuristic = 6
projection = 60

48 steps, going N:
|  1|  2|  3|  4|  5|  6|  7|  8|  9|
| 10| 11| 12| 13| 14| 15| 16| 17| 18|
| 19| 20| 21| 22| 23| 24| 25| 26| 27|
| 28| 29| 30| 31| 32| 33| 34| 35| 36|
| 37| 38| 39| 40| 41| 42| 43| 44| 45|
| 46| 47| 48| 49| 50| 51| 52| 53| 54|
| 55| 56| 57| 58| 59| 60| 61| 63| 72|
| 64| 65| 66| 67| 68| 69| 70|  0| 62|
| 73| 74| 75| 76| 77| 78| 79| 71| 80|
heuristic = 8
projection = 61

49 steps, going E:
|  1|  2|  3|  4|  5|  6|  7|  8|  9|
| 10| 11| 12| 13| 14| 15| 16| 17| 18|
| 19| 20| 21| 22| 23| 24| 25| 26| 27|
| 28| 29| 30| 31| 32| 33| 34| 35| 36|
| 37| 38| 39| 40| 41| 42| 43| 44| 45|
| 46| 47| 48| 49| 50| 51| 52| 53| 54|
| 55| 56| 57| 58| 59| 60| 61| 63| 72|
| 64| 65| 66| 67| 68| 69| 70| 62|  0|
| 73| 74| 75| 76| 77| 78| 79| 71| 80|
heuristic = 6
projection = 62

50 steps, going N:
|  1|  2|  3|  4|  5|  6|  7|  8|  9|
| 10| 11| 12| 13| 14| 15| 16| 17| 18|
| 19| 20| 21| 22| 23| 24| 25| 26| 27|
| 28| 29| 30| 31| 32| 33| 34| 35| 36|
| 37| 38| 39| 40| 41| 42| 43| 44| 45|
| 46| 47| 48| 49| 50| 51| 52| 53| 54|
| 55| 56| 57| 58| 59| 60| 61| 63|  0|
| 64| 65| 66| 67| 68| 69| 70| 62| 72|
| 73| 74| 75| 76| 77| 78| 79| 71| 80|
heuristic = 6
projection = 63

51 steps, going W:
|  1|  2|  3|  4|  5|  6|  7|  8|  9|
| 10| 11| 12| 13| 14| 15| 16| 17| 18|
| 19| 20| 21| 22| 23| 24| 25| 26| 27|
| 28| 29| 30| 31| 32| 33| 34| 35| 36|
| 37| 38| 39| 40| 41| 42| 43| 44| 45|
| 46| 47| 48| 49| 50| 51| 52| 53| 54|
| 55| 56| 57| 58| 59| 60| 61|  0| 63|
| 64| 65| 66| 67| 68| 69| 70| 62| 72|
| 73| 74| 75| 76| 77| 78| 79| 71| 80|
heuristic = 6
projection = 64

52 steps, going S:
|  1|  2|  3|  4|  5|  6|  7|  8|  9|
| 10| 11| 12| 13| 14| 15| 16| 17| 18|
| 19| 20| 21| 22| 23| 24| 25| 26| 27|
| 28| 29| 30| 31| 32| 33| 34| 35| 36|
| 37| 38| 39| 40| 41| 42| 43| 44| 45|
| 46| 47| 48| 49| 50| 51| 52| 53| 54|
| 55| 56| 57| 58| 59| 60| 61| 62| 63|
| 64| 65| 66| 67| 68| 69| 70|  0| 72|
| 73| 74| 75| 76| 77| 78| 79| 71| 80|
heuristic = 4
projection = 65

53 steps, going S:
|  1|  2|  3|  4|  5|  6|  7|  8|  9|
| 10| 11| 12| 13| 14| 15| 16| 17| 18|
| 19| 20| 21| 22| 23| 24| 25| 26| 27|
| 28| 29| 30| 31| 32| 33| 34| 35| 36|
| 37| 38| 39| 40| 41| 42| 43| 44| 45|
| 46| 47| 48| 49| 50| 51| 52| 53| 54|
| 55| 56| 57| 58| 59| 60| 61| 62| 63|
| 64| 65| 66| 67| 68| 69| 70| 71| 72|
| 73| 74| 75| 76| 77| 78| 79|  0| 80|
heuristic = 2
projection = 66

54 steps, going E:
|  1|  2|  3|  4|  5|  6|  7|  8|  9|
| 10| 11| 12| 13| 14| 15| 16| 17| 18|
| 19| 20| 21| 22| 23| 24| 25| 26| 27|
| 28| 29| 30| 31| 32| 33| 34| 35| 36|
| 37| 38| 39| 40| 41| 42| 43| 44| 45|
| 46| 47| 48| 49| 50| 51| 52| 53| 54|
| 55| 56| 57| 58| 59| 60| 61| 62| 63|
| 64| 65| 66| 67| 68| 69| 70| 71| 72|
| 73| 74| 75| 76| 77| 78| 79| 80|  0|
heuristic = 0
projection = 67

